"p_val"	"avg_log2FC"	"pct.1"	"pct.2"	"p_val_adj"
"CKB"	1.95594300280822e-133	-1.47333004006125	0.995	0.999	4.47813150492941e-129
"FABP1"	1.3754768377459e-34	-1.12948036426791	0.474	0.692	3.14915422001924e-30
"ID3"	1.69063321809156e-113	-1.05387782825903	0.885	0.985	3.87070475282062e-109
"SELENBP1"	2.69805713537872e-66	-0.834198280488208	0.485	0.756	6.17720181144957e-62
"TMEM141"	7.11799238648831e-72	-0.679584430900015	0.996	0.997	1.6296643568865e-67
"FXYD3"	4.89889376838383e-44	-0.651581477072258	0.863	0.917	1.12160172827148e-39
"C10orf99"	2.63374416850945e-83	-0.63973463644481	0.201	0.63	6.02995727380239e-79
"LY6G6D"	2.9135951231483e-39	-0.588955843062344	0.779	0.867	6.67067603444803e-35
"CALM1"	2.41679134729461e-83	-0.534376535768338	1	1	5.533243789631e-79
"GGH"	1.18827748250264e-49	-0.527299694403744	0.982	0.975	2.72056129618978e-45
"FABP5"	3.20841458521514e-39	-0.521105639818612	0.994	0.999	7.34566519285007e-35
"MT1G"	1.39607334530448e-22	-0.495872844635395	0.455	0.654	3.19630992407461e-18
"AKR1B10"	1.45920664095434e-31	-0.448722236389656	0.487	0.686	3.34085360446496e-27
"PRDX5"	2.36764825357684e-35	-0.444549595079883	0.986	0.991	5.42073067656418e-31
"ID1"	4.18370352278741e-30	-0.412644298850411	0.926	0.984	9.57858921542177e-26
"PHGR1"	2.50048800935566e-19	-0.41002837911552	0.632	0.775	5.72486729741979e-15
"LGALS3"	2.95818029834689e-31	-0.406276076239411	1	1	6.7727537930652e-27
"NQO1"	1.57035428815624e-31	-0.400384621071301	0.992	0.997	3.59532614273371e-27
